1000588.5000
999078.1875
1038352.1250
941248.9375
1015036.1250
910851.7500
1062540.7500
1008180.7500
1023701.7500
1010646.7500
1044329.6875
1056859.6250
1008558.1875
1036226.5000
1096433.6250
995922.8125
949694.5000
1008929.1875
1074511.8750
1018627.5000
917507.3750
1001220.9375
990264.5625
995237.5000
952527.2500
1028861.6875
976230.7500
956475.0000
946774.6250
963141.2500
974089.5000
1011153.9375
998903.6250
988973.1250
1001829.6875
971314.3750
1008372.2500
1037482.3750
978343.6250
1018109.6875
1042365.5625
995267.6250
1003768.6875
1005650.0625
1001435.6250
939300.3750
942302.2500
1068358.2500
984350.1250
1039878.8125
1007413.5000
969254.1875
971257.1875
1032404.6250
999858.2500
965154.8750
998310.4375
928915.6250
992203.4375
1021597.7500
971047.3750
952006.3750
1036119.7500
996244.6875
1010681.0000
974914.3125
982688.6250
1005589.5625
1025679.6875
915260.5000
989352.6250
1042978.7500
1108359.2500
995079.2500
1067781.1250
1002264.9375
1059123.6250
1065326.0000
1001962.1250
976439.7500
990390.3750
1021506.6250
972922.8125
971041.0000
1015126.0000
1004798.3125
898674.2500
922883.3125
986174.8750
964007.1250
953852.3125
946309.7500
954887.1875
1030885.9375
1007670.8125
1002880.0625
1001009.8125
930738.7500
997006.9375
964476.1250
1030506.8750
1023956.8125
1007887.6875
934456.0000
982421.8750
1050150.5000
1003311.6250
983601.1875
1006864.7500
989272.2500
1022984.7500
1016611.0625
958751.1250
1029386.3750
1010319.0000
1015662.5625
965051.8750
985075.8750
996824.0000
910527.7500
1076970.2500
1009457.5000
1060878.7500
1025306.8125
974425.1875
944227.2500
992000.7500
1039989.0000
981810.4375
1039546.6250
1013672.8125
1029076.8125
1047529.5000
966217.9375
1013057.8750
958155.1250
949219.0000
1016026.1250
1060462.8750
1010001.7500
1027326.4375
977643.0000
967242.1875
973159.0625
1005074.6250
972617.3750
975910.8750
1071950.0000
1018950.3750
1007747.5625
943187.8750
1024828.0000
1009742.5000
1060062.2500
1017378.3750
1012599.4375
1036128.2500
998472.0625
954359.5625
1038719.7500
963837.6250
1048656.7500
976322.9375
972357.5000
1016904.0000
1020194.3750
1008537.7500
1002457.5625
940358.0625
1020907.5000
1025253.1250
968526.4375
997167.7500
1022390.2500
1054650.0000
995701.2500
1020892.9375
1010329.6875
972368.8125
1043332.2500
908505.1250
1024628.9375
960654.7500
1002730.3125
963605.6875
997601.2500
1070260.0000
929134.3750
1000125.2500
1005282.0000
979623.1875
948995.3750
943539.3750
964765.7500
990074.6875
956717.9375
1012572.7500
1026932.8750
942150.2500
1015414.9375
